 $RESULTS
SFE_SC= -17122.66085 !(J/mol)
  SFEC_SC(0)= 84305.27803
  SFEC_SC(1)= -101427.93888

SFE_GF= -25399.42362 !(J/mol)
  SFEC_GF(0)= 80923.46535
  SFEC_GF(1)= -106322.88897

PMV= 0.01967 !(L/mol)
Pressure= 2070272829.11259 !(J/m^3)
Correction_Term= -24111.23097 !(J/mol)
 $END
