 $RESULT
SFE_SC= -17169.73326 !(J/mol)
  SFEC_SC(0)= 84269.88498
  SFEC_SC(1)= -101439.61824

SFE_GF= -25447.10489 !(J/mol)
  SFEC_GF(0)= 80887.83150
  SFEC_GF(1)= -106334.93638

PMV= 0.01965 !(L/mol)
Pressure= 2070272829.11259 !(J/m^3)
Correction_Term= -24085.26913 !(J/mol)
 $END
