 $RESULT
SFE_SC= 22614316.09200 !(J/mol)
  SFEC_SC(0)= 5550991782.19877
  SFEC_SC(1)= -5528377466.10676

SFE_GF= 10129207.13262 !(J/mol)
  SFEC_GF(0)= 5546494629.21220
  SFEC_GF(1)= -5536365422.07958

PMV= 48.82067 !(L/mol)
Pressure= 2070272829.11259 !(J/m^3)
Correction_Term= -59853570.04576 !(J/mol)
 $END
